[1/3] Generating positions (300 games, teacher = hand-crafted eval)...
  game 20/300  positions: 1322  game 40/300  positions: 2485  game 60/300  positions: 3677  game 80/300  positions: 4827  game 100/300  positions: 5900  game 120/300  positions: 7142  game 140/300  positions: 8345  game 160/300  positions: 9455  game 180/300  positions: 10497  game 200/300  positions: 11616  game 220/300  positions: 12767  game 240/300  positions: 13896  game 260/300  positions: 15087  game 280/300  positions: 16139  game 300/300  positions: 17186
  Done — 17186 positions (clipped to ±900cp)
  Target: mean=4.7cp  std=178.8cp

[2/3] Training (500 epochs, batch=128, lr=0.001)...
  epoch 100/500  RMSE=126.8cp  epoch 200/500  RMSE=126.2cp  epoch 300/500  RMSE=124.8cp  epoch 400/500  RMSE=123.8cp  epoch 500/500  RMSE=123.0cp

  Final train RMSE: 122.9 cp  (teacher std: 178.8 cp)
  R² ≈ 0.527  (1.0 = perfect fit)

[3/3] Paste this into src/coreClaude/nnWeights.ts:

// Auto-generated by scripts/trainNN.ts (distillation)
// 300 games, 17186 positions, 500 epochs
// Train RMSE: 122.9 cp  |  R²: 0.527

export const NN_TRAINED = true;

export const NN_W1 = new Float32Array([-0.157352,1.599710,1.247325,1.609013,2.637400,1.026565,0.962452,0.498639,2.677623,0.471799,1.082838,1.478247,0.681021,1.388166,0.609544,1.475943,0.943116,2.137774,1.281922,1.638720,0.690053,0.881300,1.216511,0.716984,-0.075076,2.506311,0.417635,1.145571,0.937082,0.334741,0.599221,0.522514,-0.357865,-1.654980,-0.441788,0.055530,0.539191,-1.115990,-1.876471,-0.680004,-0.896386,-1.011869,-0.975845,-0.342771,-0.312158,-2.138534,-1.742169,-0.383161,-1.215082,0.801256,-0.539026,-0.577632,-1.389500,-1.535271,-1.172447,-1.683205,-0.309246,0.678254,-0.898287,-1.640742,-0.346344,-3.227842,-1.377919,-0.874139,-4.596670,-1.109150,-0.964524,-1.428654,0.525256,-1.213031,-1.518464,-1.401342,-0.088967,-1.799256,-1.131280,-0.944942,-1.650035,-0.455907,-1.028957,-0.098611,-1.292040,-0.765106,-1.048054,-0.825138,-2.330779,-1.337883,-1.479310,-1.214569,0.182731,-0.803325,-0.365076,-0.236757,-0.840886,-0.474417,-0.347037,-0.660558,-3.570121,-0.479729,-2.199798,0.172825,-0.369383,-1.033990,0.050450,-1.250587,-0.668406,-1.450368,-0.513959,-1.069372,0.015520,-1.094382,-0.650958,-0.391560,-0.769260,-0.689241,-1.028784,-0.505274,0.277294,-0.424831,-1.158614,-0.931198,-0.305748,-1.827039,-0.986247,-0.053319,-0.969693,-3.905711,-1.866392,-0.621622,0.876124,1.136770,2.340737,0.743241,1.858952,1.219476,0.952652,1.162361,1.055902,1.305735,1.038380,1.503012,0.960425,0.826387,1.381888,1.574616,0.489975,2.283324,1.423937,1.228011,0.676142,0.594590,1.372916,1.918494,0.565141,2.467840,0.657028,1.232719,0.440654,0.451170,1.120605,1.134728,-0.127622,0.262731,-1.785470,-1.563117,-0.192328,-1.874763,-0.434627,-1.621837,-0.511802,-0.548775,-1.058426,-1.353896,-1.011789,-1.624353,-1.186071,-0.431470,-1.013983,-1.463918,-0.865928,-0.378492,0.064705,-1.180157,-0.790028,-1.013174,-1.657011,-1.485034,-0.015129,-0.397958,-1.094693,-3.425094,-0.968254,-0.962554,3.896387,1.059007,2.620563,0.290791,-0.327542,1.287920,0.402926,0.817839,0.980382,1.018903,0.912433,1.249417,0.964040,1.416262,0.432024,0.241649,0.349724,1.038803,0.555426,0.424665,1.007912,2.079309,1.763316,0.328686,0.432769,1.435805,-0.152112,0.843217,-0.181638,3.234554,1.008266,0.213604,-1.167184,0.454654,-1.380068,0.712452,-0.438508,1.662596,0.746494,0.420563,1.537879,1.351133,0.993896,1.085070,-0.067247,2.794895,2.249632,1.448288,-0.300716,0.078687,0.411355,0.405382,0.452986,0.551297,2.466884,0.105247,3.628456,0.647959,1.092961,1.607073,1.888559,0.530790,3.342078,0.941298,-0.234812,1.870020,0.632228,0.889031,1.608626,0.977634,0.986282,-0.004585,1.387841,0.890963,2.228312,0.806701,0.192360,0.727102,0.516763,1.090847,3.251098,2.740973,2.325451,0.412639,2.055580,0.096274,0.899776,0.851253,-0.244669,-0.392572,2.368559,1.510776,1.045743,-0.237173,-0.151613,1.200282,-0.597091,-1.274147,-1.588038,-1.549390,-3.949073,-1.182508,-0.629840,-2.853395,-0.941897,-0.534478,-1.252028,-1.252348,-0.888503,-0.835240,-1.355275,-0.693255,-0.336654,-1.797303,-0.714342,-1.610354,-0.437912,-0.356731,-0.368510,-1.239106,-0.184185,-1.001737,-1.845108,-0.652439,-1.027771,0.643951,-0.619820,-0.740471,1.650155,1.899256,0.498016,1.827382,1.342411,0.704561,-0.099678,1.351481,0.769269,1.493087,1.232479,0.519764,1.683133,0.896214,1.596832,1.722355,1.135407,2.131884,2.696620,0.944015,1.764290,0.887339,0.699442,1.990739,0.327258,0.762400,0.045664,0.810394,1.385209,-0.420388,-0.002409,4.004959,-1.098504,0.124599,-2.981269,-1.286411,1.329695,-1.314348,-1.724798,-0.802713,-1.359056,-1.233168,-1.437779,-0.487152,-0.946198,-1.725182,-1.616731,-0.720028,-1.761159,0.577663,-1.155083,-0.309005,-1.137651,-3.006903,-1.905132,-1.737386,-1.548502,0.774279,-0.459736,-1.003412,-0.195194,-0.921334,-0.438959,-0.756168,1.083747,0.274099,1.029602,-0.294347,0.076698,-0.662764,-0.646453,-0.089813,-0.746272,0.367573,-0.238459,-0.200833,-2.327057,-0.466854,-0.213809,0.899594,-2.394644,-0.886140,0.214288,-1.567036,-2.145956,-1.131357,-0.940161,-0.976690,-3.983632,-1.475889,-0.971245,-2.072480,-2.346946,-3.896130,-1.038705,-0.947448,0.191538,0.039778,0.479774,-0.351651,-1.292570,0.401431,4.764963,0.387452,3.772939,1.542269,1.977703,0.988238,1.169619,1.406114,0.574155,-0.632166,2.210460,0.209689,1.444252,0.320406,0.107826,1.786962,0.918698,-1.156574,1.377763,0.530545,0.507620,0.788039,0.120164,2.301685,0.751208,0.911583,2.873678,1.287434,1.807903,1.919590,1.618417,1.378280,0.463952,1.513741,0.576505,1.070144,0.874671,1.170569,1.744723,1.144479,1.275678,1.335732,0.202579,2.126057,1.577297,0.850433,0.720766,0.774405,1.240710,0.793376,1.315302,1.672018,0.544622,1.125937,0.745636,0.258718,1.725723,0.456812,0.421624,1.631367,1.584336,0.768066,0.399059,1.594860,1.152935,0.283910,-0.320655,0.376483,1.164597,0.843145,0.657281,2.185785,0.731193,0.701964,0.112299,0.617526,0.739765,0.665757,0.575957,0.531546,0.712354,1.484907,0.880678,1.165260,0.270495,0.861203,0.266796,2.098895,2.117634,0.758470,-4.815958,-1.212364,-1.068223,-2.180330,-1.960789,-0.931393,-0.558882,-1.772578,-0.731959,-1.233676,-0.813081,-1.170606,-0.789404,-0.447354,-1.010832,-1.158192,-0.610183,-1.392868,-1.411695,-1.222352,0.085670,-0.686712,-1.283583,-1.389012,-0.747234,-1.049603,-0.905486,-0.427338,-0.755124,-0.080807,-0.361590,-0.112300,-0.484626,-2.234633,-0.336859,-1.959234,-1.416311,-0.767482,-0.849896,-1.295910,-0.825625,-0.894828,-0.742953,-1.381727,-0.642012,-0.800295,-1.965905,-1.574845,-0.365018,-2.181469,-0.788213,-1.499017,-1.929061,-0.462395,-1.588090,-2.399893,-1.159827,-1.160902,-0.220172,-1.185354,-1.415830,0.594125,-0.785720,-3.312443,4.957604,1.114996,1.394679,1.249186,2.644904,1.138876,0.579295,1.407106,0.746971,1.113093,1.249170,1.526972,0.992084,0.088507,0.827139,1.390773,1.429996,0.784669,1.593516,0.850964,0.149334,1.067703,1.622424,0.842955,1.312362,-1.223940,1.734210,1.657541,0.336839,-0.209362,0.376104,1.055868,0.296787,-1.336503,-0.104002,-0.838584,-2.860472,-0.287966,-0.416027,-1.794629,0.286547,-0.282474,-0.987428,-0.206274,-0.351578,-0.424116,-0.800198,-0.545670,0.753945,-1.074380,-0.621213,-1.969576,-0.187227,-0.687791,-0.497125,-1.556532,-0.774553,-0.670226,-4.415611,-0.748809,-2.541573,0.312432,-1.015044,-0.925201,-0.584448,1.144068,1.029681,-0.043283,0.923541,0.981057,0.015670,0.126167,-0.240276,1.448108,1.328502,0.287972,0.649587,0.522391,1.413125,1.466306,0.338738,0.504036,0.492694,0.990686,1.765680,2.248556,0.507336,-0.594755,3.592323,0.317681,1.259338,1.733501,0.711328,-0.320179,0.669716,2.171542,-0.509404,0.089257,-0.278589,0.407779,1.551390,0.965896,1.719037,-0.359911,0.731705,1.206408,0.128775,-0.015492,1.978167,0.918489,0.206262,0.149722,1.843416,0.652384,-0.175078,1.105121,1.286163,1.254696,-0.602839,-0.798185,0.538822,-0.154114,2.073962,1.338994,0.712905,5.298392,0.890323,0.672659,-1.242918,-0.619019,-2.126041,-0.348255,-1.432656,-0.716829,-1.394943,-1.205791,0.098691,-1.509654,-1.245405,-0.630811,-0.485480,-1.021020,-1.419916,-1.241128,-2.316693,-0.104726,-1.764400,-1.101980,-1.057701,-1.409553,-2.044842,-2.435816,-0.452718,-1.324000,-1.131539,-1.460066,-0.847797,-0.943761,-1.428444,-1.238031,0.156126,0.767900,1.334387,1.587519,2.198933,1.628217,0.541495,1.253882,1.442210,-0.309879,0.213050,0.739286,1.581155,0.132020,0.361647,3.244365,-1.351449,0.203776,-0.437794,1.074020,-0.178622,0.602267,-1.261092,-0.647660,0.817465,2.448702,3.179436,-0.366518,1.536094,-0.953892,1.299783,-0.038642]);

export const NN_b1 = new Float32Array([3.174087,2.604466,3.209450,3.374710,2.496107,2.853308,2.692164,2.924393,3.353624,3.443769,2.948456,3.608912,4.231464,3.084825,2.546059,2.231660,3.654999,3.463002,3.310521,3.603750,2.988032,4.077983,2.871078,3.677086]);

export const NN_W2 = new Float32Array([3.571990,-4.384971,-4.771717,-4.395010,4.452420,-4.357987,4.388981,5.390502,4.854424,-4.595115,4.475894,-4.551088,-5.748443,5.970186,4.923705,3.606144,-5.287975,-4.388332,5.121798,-4.983105,4.296929,6.108475,-3.868762,5.505914]);

export const NN_b2 = new Float32Array([-0.562939]);
DONE:0
